*---------------------------------------------------------*
*   Station: de Bilt, Nederland
*   Year: 20090101
*   Source: AGMIP Phase4 Project
*   
*   Author: Nobody
*   Longitude: 5.180 W
*   Latitude: 52.00 N
*   Elevation: 1.90 m
*   Comments: 
*             
* 
* Columns:
*  ========
* station number
* year
* day
* irradiation                   (kJ m-2 d-1)
* minimum temperature           (degrees Celsius)
* maximum temperature           (degrees Celsius)
* early morning vapour pressure (kPa)
* mean wind speed (height: 2 m) (m s-1)
* precipitation                 (mm d-1)
*-------------------------------------------------------------*
5.180 52.000   1.9   0.00 0.00
1   2009   1   81000  -2.8   0.5  0.56   1.6   0.0
1   2009   2  146000  -7.2   1.9  0.50   2.2   0.5
1   2009   3   90000  -8.9   1.6  0.47   1.9   0.0
1   2009   4   78000   1.3   3.5  0.73   3.8   4.0
1   2009   5  311000  -4.6   1.5  0.55   5.2   2.1
1   2009   6  483000  -9.6  -1.3  0.41   2.1   0.0
1   2009   7  204000  -6.7   3.5  0.54   2.0   0.2
1   2009   8  133000  -7.3  -3.1  0.41   2.0   0.0
1   2009   9  439000 -10.3  -1.6  0.39   0.9   0.0
1   2009  10  496000 -10.5  -3.6  0.36   2.1   0.0
1   2009  11  459000  -6.0   2.4  0.54   4.1   0.0
1   2009  12  208000   1.4   5.8  0.79   6.2   2.4
1   2009  13   69000   3.9   5.2  0.84   4.2   4.0
1   2009  14  207000   2.5   6.3  0.84   2.6   0.0
1   2009  15  441000   1.0   5.0  0.76   3.3   0.0
1   2009  16  177000   0.1   3.7  0.70   3.9   0.0
1   2009  17  113000   2.8   7.5  0.88   5.1   0.7
1   2009  18   93000   2.1   7.7  0.87   6.1   5.4
1   2009  19   89000   2.1   8.8  0.90   6.5   4.1
1   2009  20  320000   1.8   6.4  0.82   4.8   0.9
1   2009  21  239000   1.2   5.6  0.78   3.5   0.0
1   2009  22   90000   1.6   6.2  0.81   6.4   6.8
1   2009  23   78000   3.7   7.7  0.92   5.9  22.6
1   2009  24  258000   0.9   6.1  0.78   3.2   0.0
1   2009  25  460000  -0.2   5.0  0.73   4.8   0.0
1   2009  26  475000  -2.3   5.6  0.69   3.3   0.0
1   2009  27  523000  -4.1   3.8  0.60   2.0   0.0
1   2009  28  567000  -4.7   2.8  0.57   2.8   0.0
1   2009  29  654000  -3.9   2.5  0.58   2.6   0.0
1   2009  30  623000  -4.4   5.1  0.63   4.0   0.0
1   2009  31  651000  -2.6   3.2  0.62   5.8   0.0
1   2009  32  515000  -2.5   1.1  0.58   6.7   0.0
1   2009  33  170000  -1.9   3.5  0.65   6.5   0.0
1   2009  34  120000   0.3   4.0  0.71   2.6   2.4
1   2009  35  105000   0.0   0.8  0.63   1.4   0.0
1   2009  36  227000  -0.5   6.6  0.76   3.1   3.0
1   2009  37  503000   1.0   9.2  0.88   2.1   0.0
1   2009  38  304000   1.1   5.2  0.77   2.7   3.0
1   2009  39  417000  -0.7   4.3  0.70   2.6   1.7
1   2009  40  138000  -0.3   4.7  0.72   4.3   9.8
1   2009  41   79000   1.2   7.6  0.84   4.8   8.2
1   2009  42  461000  -1.0   6.2  0.74   3.3   2.3
1   2009  43  690000  -0.9   5.1  0.71   2.4   0.5
1   2009  44  216000   0.4   3.0  0.69   2.3   2.3
1   2009  45  769000  -4.2   4.0  0.61   1.8   0.0
1   2009  46  290000  -4.5   4.8  0.62   3.2   3.3
1   2009  47  418000   4.7   9.2  1.00   3.1   5.9
1   2009  48  174000  -0.9   6.5  0.75   3.6   3.8
1   2009  49  632000  -3.3   3.1  0.61   2.2   0.0
1   2009  50  199000  -2.0   4.7  0.67   2.3   1.0
1   2009  51  221000   4.0   6.5  0.89   2.9   0.6
1   2009  52  386000   3.1   8.5  0.92   2.4   0.0
1   2009  53  281000   5.4   8.8  1.01   3.3   0.5
1   2009  54  349000   3.9   7.7  0.92   3.8   0.7
1   2009  55  342000   1.8   5.9  0.80   2.3   0.0
1   2009  56  209000   2.5   6.7  0.85   3.6   0.6
1   2009  57  614000   5.5   8.3  0.99   4.7   1.6
1   2009  58  188000   6.2   8.6  1.03   3.3   3.4
1   2009  59  342000   2.0   9.4  0.92   2.3   0.5
1   2009  60  654000  -0.7  10.7  0.87   3.1   0.5
1   2009  61  555000   2.0   9.0  0.90   3.0   0.0
1   2009  62  273000   1.8   8.8  0.89   4.5   0.0
1   2009  63  256000   4.4   6.8  0.91   5.5   0.1
1   2009  64  551000   0.3   7.4  0.80   3.0   0.3
1   2009  65  619000   2.1   7.3  0.85   4.6   0.4
1   2009  66  862000  -3.2   8.9  0.75   3.0   0.2
1   2009  67 1024000   2.8  10.3  0.97   6.0   6.8
1   2009  68  304000   2.9   7.8  0.89   5.2   0.3
1   2009  69  219000   4.5   7.7  0.94   3.8   4.9
1   2009  70  995000   3.0  10.0  0.97   3.1   0.0
1   2009  71  212000   6.3  10.0  1.08   4.3   2.9
1   2009  72  998000   4.2  12.6  1.10   2.3   0.0
1   2009  73  484000   7.2  12.0  1.19   3.5   1.6
1   2009  74  725000   6.1  11.3  1.12   3.8   0.0
1   2009  75  754000   6.4  10.5  1.11   2.0   0.0
1   2009  76 1322000  -0.1  11.9  0.93   2.8   0.0
1   2009  77 1199000  -1.6  11.7  0.88   1.4   0.0
1   2009  78 1325000   3.3  11.6  1.03   3.3   0.0
1   2009  79 1628000  -1.1  10.6  0.86   2.5   0.0
1   2009  80 1609000  -3.1  12.0  0.84   1.8   0.0
1   2009  81 1150000   4.9  11.0  1.07   4.3   0.0
1   2009  82  410000   4.0   8.9  0.96   5.6   5.8
1   2009  83 1348000   2.7   8.5  0.91   4.3   0.8
1   2009  84  700000   3.7   9.1  0.96   5.0   8.7
1   2009  85  297000   4.9   9.6  1.02   4.8   4.8
1   2009  86 1071000   4.9   9.6  1.02   5.3   1.3
1   2009  87  790000   4.5  10.5  1.04   2.8   8.8
1   2009  88 1035000   1.2   9.5  0.89   2.6   0.0
1   2009  89 1610000  -0.4  10.9  0.89   1.8   0.0
1   2009  90 1747000  -1.7  14.8  0.97   2.2   0.0
1   2009  91 1708000   4.1  15.2  1.20   4.3   0.0
1   2009  92 1841000   5.9  18.5  1.42   4.5   0.0
1   2009  93 1723000   4.2  22.3  1.52   2.0   0.0
1   2009  94  499000   6.4  12.6  1.19   3.3   0.0
1   2009  95 1202000   6.3  15.4  1.30   2.0   0.0
1   2009  96 1631000   4.0  19.3  1.37   2.9   0.0
1   2009  97  562000   7.4  13.3  1.26   2.8   0.0
1   2009  98  659000   3.3  12.4  1.06   4.6   2.2
1   2009  99  736000   2.9  17.3  1.24   2.7   0.1
1   2009 100 1707000  11.4  23.7  2.01   4.4   0.2
1   2009 101 1266000  11.6  21.4  1.88   2.1   0.2
1   2009 102 1096000   8.6  18.6  1.56   2.3   5.8
1   2009 103 1806000   6.9  18.1  1.45   2.4   0.0
1   2009 104 1751000   6.5  19.3  1.49   2.6   0.0
1   2009 105 1954000   9.1  23.6  1.86   3.8   0.0
1   2009 106 1183000   9.8  19.0  1.64   2.5   0.3
1   2009 107 1473000   8.6  17.8  1.52   3.7   2.3
1   2009 108 2264000   5.1  18.6  1.39   5.0   0.0
1   2009 109 1662000   5.9  17.9  1.39   2.5   0.0
1   2009 110 2132000   3.9  20.3  1.41   3.0   0.0
1   2009 111 2301000   5.6  18.6  1.41   2.8   0.0
1   2009 112 2304000   5.3  15.0  1.24   3.3   0.0
1   2009 113 1755000   4.5  16.1  1.25   2.0   0.0
1   2009 114 2304000   3.9  18.8  1.34   4.0   0.0
1   2009 115 1808000   7.7  20.2  1.59   3.6   0.0
1   2009 116 1099000  10.1  17.7  1.59   1.7   2.8
1   2009 117 1475000   8.3  16.4  1.43   4.0   4.4
1   2009 118  638000   3.2  12.6  1.07   2.3   1.6
1   2009 119 1592000   2.4  16.7  1.19   1.8   0.0
1   2009 120 2097000   2.8  19.4  1.32   2.1   0.0
1   2009 121 2120000   7.3  22.3  1.68   2.0   0.0
1   2009 122 1585000   5.7  18.7  1.42   2.3   0.0
1   2009 123 1196000   4.6  14.4  1.19   2.9   0.4
1   2009 124 1913000   2.4  14.7  1.11   3.0   0.6
1   2009 125  611000   9.0  13.2  1.32   4.2   8.1
1   2009 126  723000  10.6  16.1  1.53   4.8   3.7
1   2009 127 1259000   8.5  17.5  1.50   3.9   0.0
1   2009 128 1578000   7.9  17.7  1.48   4.9   1.5
1   2009 129 1949000   5.3  16.8  1.32   2.3   0.0
1   2009 130 2500000   5.2  20.4  1.48   2.7   0.0
1   2009 131 2316000   6.2  17.4  1.38   6.3   0.0
1   2009 132 2226000   5.0  17.8  1.35   6.7   0.0
1   2009 133 2078000  10.7  21.4  1.82   6.1   0.0
1   2009 134 1418000  12.8  21.2  1.94   4.1   2.3
1   2009 135  595000   8.9  17.4  1.51   2.9   8.9
1   2009 136 1552000   7.3  17.1  1.42   4.0   0.2
1   2009 137 1003000  10.0  16.3  1.51   3.7  12.8
1   2009 138 2054000   9.4  18.3  1.58   4.3   0.0
1   2009 139 1744000   7.3  20.1  1.57   2.8   0.0
1   2009 140 2274000   6.6  20.2  1.54   2.4   0.0
1   2009 141 1876000   7.1  19.4  1.52   2.2   0.0
1   2009 142 2382000   6.0  17.7  1.39   3.0   0.6
1   2009 143 2192000  10.9  21.3  1.83   2.0   0.0
1   2009 144 2764000   9.2  22.4  1.79   2.5   0.0
1   2009 145 2208000   9.1  25.3  1.96   2.7   0.1
1   2009 146  725000   9.6  19.2  1.64   4.7  25.6
1   2009 147 1370000   8.0  15.2  1.37   5.3   0.2
1   2009 148 2025000  10.2  18.6  1.64   3.6   0.0
1   2009 149 2971000   6.9  20.7  1.58   3.3   0.0
1   2009 150 2790000   8.3  22.1  1.73   4.3   0.0
1   2009 151 2449000  12.4  23.9  2.08   4.1   0.0
1   2009 152 2605000  12.6  25.2  2.18   3.8   0.0
1   2009 153 2859000  11.7  21.3  1.88   4.2   0.0
1   2009 154 1714000  10.2  15.8  1.50   4.1   0.0
1   2009 155 1438000   7.2  13.8  1.27   3.2   0.2
1   2009 156 1306000   5.0  13.2  1.16   2.1   0.1
1   2009 157 1687000   5.3  17.0  1.33   4.0   0.0
1   2009 158 1071000   7.0  16.3  1.37   2.6  10.9
1   2009 159 2123000   8.0  18.9  1.54   2.8   0.1
1   2009 160 1672000  12.1  19.6  1.80   4.3   9.9
1   2009 161 1404000  11.8  17.8  1.68   2.8   6.6
1   2009 162 1544000   9.7  16.4  1.50   3.3  10.3
1   2009 163 2783000   6.4  17.8  1.41   3.0   0.0
1   2009 164 2595000   4.5  21.6  1.50   1.7   0.0
1   2009 165 1102000  13.3  20.7  1.94   2.5   4.1
1   2009 166 1381000  10.9  19.1  1.70   1.5   1.2
1   2009 167 1918000   8.8  18.9  1.58   2.1   5.9
1   2009 168 2427000   7.3  22.6  1.70   2.9   0.3
1   2009 169 2201000  14.7  20.8  2.03   3.4   0.1
1   2009 170 2151000  12.5  17.6  1.71   4.1   0.2
1   2009 171 1743000  10.9  18.1  1.65   3.3   0.2
1   2009 172 2120000   8.0  18.4  1.52   2.7   0.2
1   2009 173 1945000   7.9  18.8  1.53   2.6   0.0
1   2009 174 2759000   7.5  21.7  1.66   4.1   0.0
1   2009 175 2727000  10.9  24.2  2.01   4.6   0.0
1   2009 176 2485000  13.3  26.5  2.32   3.9   0.0
1   2009 177 1831000  13.7  24.7  2.22   2.7   1.8
1   2009 178 1363000  16.1  25.4  2.45   1.6   0.0
1   2009 179 1269000  17.0  23.8  2.40   1.5   1.2
1   2009 180 2424000  15.9  26.7  2.53   2.1   0.0
1   2009 181 2765000  16.3  25.7  2.49   2.9   0.0
1   2009 182 2560000  15.8  26.4  2.50   3.0   0.0
1   2009 183 2246000  16.6  29.7  2.83   3.0   0.0
1   2009 184 2382000  17.7  28.9  2.86   3.5   0.0
1   2009 185 2573000  13.8  24.9  2.25   2.5   0.0
1   2009 186 2087000  12.3  27.7  2.34   2.2   0.0
1   2009 187 2070000  14.9  23.1  2.20   3.6   1.7
1   2009 188 1257000  13.3  18.5  1.81   4.4  19.2
1   2009 189 1543000  13.3  19.1  1.84   4.1   5.1
1   2009 190 1410000  12.6  18.1  1.74   3.6   0.0
1   2009 191 1121000  12.2  17.2  1.67   4.3   4.1
1   2009 192 2082000  11.1  20.2  1.78   2.6   0.0
1   2009 193  969000  14.6  21.5  2.07   3.4   6.5
1   2009 194 1981000  13.0  23.1  2.07   3.0   0.0
1   2009 195 2039000  12.0  25.3  2.15   1.7   0.0
1   2009 196 2353000  14.6  23.9  2.23   4.3   0.3
1   2009 197 2491000  13.3  25.1  2.22   2.9   0.0
1   2009 198 1968000  15.8  22.6  2.22   4.3   7.7
1   2009 199 1071000  14.3  19.6  1.93   4.8   4.1
1   2009 200 1625000  13.5  19.5  1.88   3.9   8.3
1   2009 201 1991000  13.1  20.9  1.94   4.4   1.5
1   2009 202 1819000  11.2  26.6  2.18   2.7   9.5
1   2009 203 1613000  15.5  24.4  2.33   2.7  12.0
1   2009 204  998000  15.0  21.0  2.06   2.2   4.3
1   2009 205 1479000  13.9  20.4  1.96   3.8   5.7
1   2009 206 2139000  11.4  20.6  1.82   3.5   0.0
1   2009 207 2156000  10.3  23.4  1.92   2.7   0.0
1   2009 208 1578000  13.9  24.9  2.25   3.0   0.5
1   2009 209 1695000  13.8  21.7  2.03   2.8   0.2
1   2009 210 1570000  13.9  25.1  2.27   2.5  11.7
1   2009 211 1868000  10.1  20.8  1.75   4.8   4.7
1   2009 212 2239000   9.1  21.4  1.73   1.8   0.0
1   2009 213 2112000  10.4  25.4  2.05   2.4   0.0
1   2009 214  870000   9.6  19.2  1.64   2.5   9.9
1   2009 215 2045000   9.0  22.4  1.78   1.8   0.0
1   2009 216 2533000   9.1  25.4  1.97   2.3   0.0
1   2009 217 2300000  12.1  27.1  2.28   2.2   0.0
1   2009 218 2392000  15.0  28.9  2.64   2.3   0.0
1   2009 219 1825000  15.5  28.3  2.63   2.9   0.0
1   2009 220 1493000  13.8  22.8  2.10   2.7   0.0
1   2009 221 1302000  11.1  22.0  1.88   2.0   0.0
1   2009 222 2003000  10.6  24.5  2.01   1.8   1.1
1   2009 223 1336000  15.1  22.4  2.16   3.0   5.1
1   2009 224  801000  14.4  19.7  1.94   2.8   4.9
1   2009 225 1656000  11.0  22.1  1.88   2.3   0.0
1   2009 226 1755000   8.8  22.3  1.77   1.8   0.0
1   2009 227 2272000  15.3  27.9  2.58   4.0   0.0
1   2009 228 1764000  13.0  23.7  2.11   3.3   0.0
1   2009 229 1449000  13.0  22.9  2.06   2.5   0.0
1   2009 230 1869000  12.9  25.0  2.19   2.0   0.0
1   2009 231 2095000  13.3  29.6  2.56   2.3   0.0
1   2009 232 1807000  16.3  33.8  3.18   4.2   1.4
1   2009 233 1583000  13.6  22.2  2.05   3.5   0.0
1   2009 234 1796000  10.1  22.1  1.83   2.1   0.0
1   2009 235 2129000   8.7  25.5  1.95   3.3   0.0
1   2009 236 1977000  15.1  27.3  2.52   3.3   0.0
1   2009 237  618000  10.7  21.1  1.81   2.3   2.0
1   2009 238 1688000  10.3  24.0  1.96   3.1   0.0
1   2009 239 1030000  15.1  23.4  2.23   2.8   0.0
1   2009 240 1546000  10.5  20.5  1.76   5.5  21.5
1   2009 241 1788000  11.3  18.8  1.71   4.0   1.0
1   2009 242  881000  12.6  18.7  1.78   3.0   0.0
1   2009 243 1642000  12.0  25.6  2.17   3.1   0.0
1   2009 244  688000  14.9  21.1  2.06   4.3   1.3
1   2009 245 1417000  13.5  21.2  1.98   4.2   0.9
1   2009 246  868000  13.1  18.3  1.78   7.0   6.7
1   2009 247 1162000  12.1  18.1  1.72   5.8  17.5
1   2009 248 1428000  13.1  18.3  1.78   4.3   1.3
1   2009 249  831000  10.5  18.1  1.63   2.8   0.0
1   2009 250 1660000  10.6  24.2  1.99   2.8   0.0
1   2009 251 1784000  11.1  27.6  2.25   2.2   0.0
1   2009 252  712000  14.1  19.0  1.88   3.3   0.0
1   2009 253 1476000  10.2  20.0  1.72   4.0   0.0
1   2009 254 1079000   7.1  18.2  1.46   3.3   0.0
1   2009 255 1384000   8.4  19.6  1.60   2.7   0.0
1   2009 256  825000   8.8  17.1  1.49   3.4   0.3
1   2009 257 1208000  12.1  19.1  1.77   4.6   0.0
1   2009 258  376000  13.5  16.6  1.71   4.0   3.2
1   2009 259 1049000  12.0  20.1  1.82   4.8   0.0
1   2009 260 1463000   8.6  18.0  1.53   3.4   0.0
1   2009 261 1627000   6.2  21.2  1.57   2.5   0.0
1   2009 262 1286000  10.2  24.9  2.01   1.4   0.0
1   2009 263  949000   8.8  20.9  1.69   2.3   0.0
1   2009 264 1302000   8.5  19.8  1.61   1.5   0.0
1   2009 265 1284000   9.0  20.8  1.69   3.7   0.0
1   2009 266 1006000  14.0  19.7  1.92   2.5   0.0
1   2009 267 1272000   6.6  19.5  1.50   1.8   0.0
1   2009 268  598000   4.9  17.6  1.33   1.4   0.0
1   2009 269 1319000   4.2  19.7  1.40   0.8   0.0
1   2009 270 1165000   5.6  19.6  1.46   1.0   0.0
1   2009 271  684000   7.2  18.9  1.50   2.6   0.0
1   2009 272  347000  14.1  17.2  1.78   2.8   0.8
1   2009 273  325000  13.4  16.4  1.69   2.4   1.5
1   2009 274  530000   8.1  15.5  1.38   2.7   5.3
1   2009 275  390000   9.2  14.2  1.37   2.6   0.0
1   2009 276  326000  11.2  16.0  1.56   6.3   4.8
1   2009 277  984000   5.1  15.3  1.24   3.5   0.0
1   2009 278  242000   6.8  13.2  1.23   2.5   3.0
1   2009 279  409000  12.0  18.7  1.74   3.6   5.4
1   2009 280  373000  11.6  19.7  1.78   4.3  15.6
1   2009 281  927000   4.5  15.9  1.24   2.0  11.3
1   2009 282 1187000   2.5  14.4  1.11   3.6   9.9
1   2009 283  476000  10.0  16.7  1.53   2.8   2.0
1   2009 284  342000   9.8  14.9  1.43   2.8  16.1
1   2009 285  956000   6.0  14.5  1.25   3.4   1.0
1   2009 286 1075000   1.7  14.0  1.06   2.6   0.0
1   2009 287 1000000  -1.0  10.1  0.84   1.8   0.0
1   2009 288 1085000  -1.5  12.5  0.90   2.7   0.0
1   2009 289  693000   8.2  13.4  1.29   4.9   3.1
1   2009 290  916000   2.2  13.4  1.06   2.8   0.0
1   2009 291  704000   0.5  13.2  0.99   1.6   0.0
1   2009 292  397000   6.1  10.7  1.10   3.3   0.0
1   2009 293  882000   4.1  11.3  1.05   5.5   0.0
1   2009 294  658000   7.1  14.7  1.30   5.0   0.0
1   2009 295  226000   6.7  11.4  1.15   2.3   1.7
1   2009 296  693000   4.9  15.0  1.22   1.8   0.0
1   2009 297  168000   7.2  14.7  1.31   4.2   7.2
1   2009 298  620000  10.6  16.3  1.54   4.7   0.0
1   2009 299  218000  11.1  14.3  1.47   4.3   3.4
1   2009 300  546000  10.2  15.8  1.50   2.0   0.0
1   2009 301  733000   8.6  15.8  1.42   2.0   0.0
1   2009 302  383000  10.8  16.0  1.54   1.0   0.0
1   2009 303  443000   8.1  14.3  1.33   3.0   0.0
1   2009 304  467000   8.1  12.9  1.27   3.0   0.0
1   2009 305  183000  11.7  15.5  1.56   4.4  14.3
1   2009 306  403000   5.0  12.5  1.13   3.1   0.2
1   2009 307  285000   3.2  10.9  1.00   4.5   6.0
1   2009 308  262000   6.2  10.3  1.09   3.7   2.8
1   2009 309  202000   6.6  10.2  1.10   3.9  11.4
1   2009 310  237000   6.7  10.1  1.10   4.4   0.7
1   2009 311  184000   2.2  10.0  0.94   3.5   4.4
1   2009 312  633000   0.9   9.5  0.88   2.4   0.0
1   2009 313  189000   4.3   8.6  0.96   2.8   0.0
1   2009 314  169000   4.9   9.1  1.00   1.9   3.5
1   2009 315  144000   5.0   8.7  0.99   3.6   0.0
1   2009 316  314000   2.9  13.5  1.09   3.8   1.8
1   2009 317  153000  10.1  16.4  1.52   5.6   1.8
1   2009 318  287000  11.6  14.4  1.50   6.8   2.1
1   2009 319  147000   6.7  12.3  1.19   4.0   6.3
1   2009 320  155000   5.8  15.0  1.26   4.7   0.7
1   2009 321  275000   8.9  12.7  1.29   4.9   0.0
1   2009 322   88000   8.9  13.4  1.33   8.0   1.5
1   2009 323  448000   8.7  12.8  1.29   5.5   0.0
1   2009 324  334000   8.9  15.2  1.41   4.9   4.4
1   2009 325  429000   9.8  16.0  1.49   3.5   0.8
1   2009 326  345000   8.2  13.8  1.31   6.9   5.9
1   2009 327  126000   8.3  13.0  1.28   7.4  19.0
1   2009 328  142000   9.5  14.1  1.38   6.3   0.9
1   2009 329   96000   9.1  13.2  1.33   7.5   3.1
1   2009 330  146000   5.9   9.4  1.05   7.0  10.4
1   2009 331  270000   5.4   8.7  1.00   6.2   5.6
1   2009 332  164000   6.1   9.0  1.04   5.8  11.2
1   2009 333   90000   7.6  10.4  1.15   4.8   1.2
1   2009 334  226000   2.3   7.7  0.87   3.0   0.0
1   2009 335  367000  -0.8   8.5  0.80   1.9   0.3
1   2009 336  119000   0.1   6.4  0.77   4.1   2.9
1   2009 337   92000   5.5   9.7  1.04   4.7   6.1
1   2009 338   76000   3.0   7.0  0.87   4.8   6.7
1   2009 339   98000   4.3   9.6  1.00   4.8   6.8
1   2009 340   87000   7.6  12.1  1.22   5.3   6.4
1   2009 341  203000   5.8   8.8  1.02   4.3   0.0
1   2009 342  203000   2.3   9.3  0.92   2.7   2.4
1   2009 343   63000   3.3   9.3  0.95   3.0   2.8
1   2009 344  158000   8.7  10.8  1.21   3.9   6.1
1   2009 345  160000   2.9   9.2  0.94   3.6   0.0
1   2009 346  302000   2.2   5.6  0.81   3.6   0.0
1   2009 347  295000  -2.0   3.4  0.64   3.0   0.0
1   2009 348  111000  -4.9  -1.2  0.49   2.0   0.0
1   2009 349  492000  -6.8   1.4  0.50   1.7   0.0
1   2009 350  174000  -7.4   0.6  0.48   2.6   0.0
1   2009 351   69000  -2.5  -0.3  0.55   4.1   3.8
1   2009 352  362000  -6.1  -0.6  0.48   3.3   0.0
1   2009 353  286000 -11.5  -4.7  0.33   3.0   0.5
1   2009 354   89000  -6.2   0.3  0.49   5.0   8.4
1   2009 355  223000  -5.3  -0.1  0.50   3.7   1.6
1   2009 356  179000  -0.6   2.6  0.66   3.2   1.7
1   2009 357  155000  -2.3   0.9  0.58   4.1   0.0
1   2009 358  302000  -2.7   2.0  0.60   3.1   1.8
1   2009 359   73000   0.2   4.6  0.73   4.5  15.0
1   2009 360  338000   1.9   5.6  0.80   4.9   0.0
1   2009 361  193000   2.6   5.1  0.80   5.3   3.9
1   2009 362  310000  -2.5   7.3  0.73   2.3   0.0
1   2009 363  199000  -1.4   1.7  0.62   4.3   5.5
1   2009 364   35000  -0.3   0.9  0.62   4.1   1.7
1   2009 365   72000  -0.5   0.5  0.61   4.9   0.0
